# Number of Traces
23
# TraceId; FracturesId1; FracturesId2; X1; Y1; Z1; X2; Y2; Z2
0; 0; 2; 2.4797594176399798e-01; 6.8965726581293574e-01; 5.9704177318758545e-01; 2.3880707383785374e-01; 8.9069705098316820e-01; 3.0316445711141893e-01
1; 0; 3; 4.0708278513028812e-01; 7.9290720137679038e-01; 1.9054542365205804e-01; 5.8999373703027447e-01; 4.4144071538923324e-01; 4.4396472304581658e-01
2; 0; 4; 4.7935223692995677e-01; 7.1935781179987612e-01; 1.9054542365205804e-01; 3.2254187386143862e-01; 8.0613990916857237e-01; 3.0215171453688017e-01
3; 0; 6; 1.6036270461720409e-01; 9.4551882387821684e-01; 3.4150614581109745e-01; 4.2436810703245775e-01; 5.4440696714881809e-01; 5.4451429376263860e-01
4; 0; 7; 3.2951089390531957e-01; 6.0667827801321628e-01; 5.9704177318758545e-01; 4.4995360538545248e-01; 7.0894723121709724e-01; 2.5236863514713970e-01
5; 0; 8; 4.2284129691097044e-01; 7.7686959636876241e-01; 1.9054542365205804e-01; 5.5413802687121005e-01; 3.9249192399563859e-01; 5.7493823442780523e-01
6; 1; 3; 9.3219301223688034e-01; 4.3397286100839827e-01; 3.9361989787461210e-01; 1.0881373072504228e+00; 4.4643030077661316e-01; 3.5788140881654407e-01
7; 1; 4; 5.5471520740420799e-01; 3.4775302217929877e-01; 1.5270184883183238e-01; 8.5173955844049165e-01; 3.4560801166812372e-01; -6.6465853981275497e-02
8; 2; 3; 2.0417828776973190e-01; 6.9474304159586153e-01; 3.0316445711141893e-01; 1.9507930182150357e-01; 5.2207571114633333e-01; 4.4396472304581652e-01
9; 2; 6; 3.1586681094161595e-01; 1.2629596008899404e+00; 3.7728990053789524e-01; 1.6201266918903162e-01; 3.4403894091689430e-01; 4.3341741262078559e-01
10; 2; 7; 2.8390199813548167e-01; 6.0447332336244619e-01; 9.3223134394306229e-01; 1.4992041146307888e-01; 3.2337674015595691e-01; 3.7791908301603672e-01
11; 2; 9; 1.7967345488367059e-01; 3.1811881367255040e-01; 5.7965360009830991e-01; 2.4842593893069365e-01; 6.1136117376789700e-01; 6.9097435508069727e-01
12; 3; 4; 6.9639825269435784e-01; 9.4588367753926827e-01; 1.9471648379405543e-02; 3.3136923116714651e-01; 6.7002807259422181e-01; 3.0215171453688017e-01
13; 3; 6; 1.0670416926497708e-01; 6.4697132079332276e-01; 3.5776151899437547e-01; 2.2958430450109241e-01; 5.1503036031433225e-01; 4.4396472304581652e-01
14; 3; 7; 2.7533021843380129e-01; 5.0568980132990660e-01; 4.4396472304581652e-01; 4.4904254769630686e-01; 7.0770840838475180e-01; 2.5236863514713970e-01
15; 3; 8; 5.2384452670666137e-01; 4.5494729002472428e-01; 4.4396472304581652e-01; 3.7256732320525121e-01; 9.4350949248998583e-01; 7.4730885127456237e-02
16; 4; 7; 3.3813027232799087e-01; 5.6577742342629356e-01; 3.0215171453688017e-01; 4.0063103571889236e-01; 6.4188020990674732e-01; 2.5236863514713970e-01
17; 4; 8; 3.8093142506468186e-01; 1.0120548524122017e+00; 2.4918867219314275e-01; 5.0882296823656481e-01; 3.6599889383799433e-01; 1.8570703560270052e-01
18; 5; 9; 2.0617557729799904e-01; 3.0478333775862332e-01; 5.9517393895398174e-01; 4.5619117408804366e-01; 1.4373635584436939e-01; 7.3395089425692905e-01
19; 6; 7; 1.5875417021688842e-01; 3.4495374052188993e-01; 4.3152253375196076e-01; 4.5218760555362819e-01; 7.6094491811947063e-01; 5.2674129211444054e-01
20; 6; 8; 4.7792178843098759e-01; 7.3516417215703611e-01; 5.4451429376263860e-01; 3.2768093767931256e-01; 1.3407694410618525e+00; 3.7188316486703965e-01
21; 7; 8; 4.4629359067258167e-01; 7.0397047744283636e-01; 2.5236863514713970e-01; 4.5973894174920943e-01; 7.5539149859516119e-01; 4.3807758037819577e-01
22; 7; 9; 6.4940013283212708e-02; 2.2603760697649444e-01; 4.7999122984809550e-01; 3.1168966001783832e-01; 6.0687613965712417e-01; 7.3395089425692905e-01


# FractureId; NumTraces
0; 6
# TraceId; Tips; Length
5; 0; 5.5923417214375581e-01
3; 1; 5.2134622109310480e-01
1; 1; 4.7032589595154572e-01
4; 1; 3.7916349722085896e-01
0; 1; 3.5618104983908305e-01
2; 1; 2.1113168060349893e-01


# FractureId; NumTraces
1; 2
# TraceId; Tips; Length
7; 1; 3.6913757345330384e-01
6; 1; 1.6047133872752203e-01


# FractureId; NumTraces
2; 5
# TraceId; Tips; Length
10; 0; 6.3578961714677928e-01
9; 1; 9.3340054310694398e-01
0; 1; 3.5618104983908305e-01
11; 1; 3.2110792003121597e-01
8; 1; 2.2298321335259683e-01


# FractureId; NumTraces
3; 7
# TraceId; Tips; Length
13; 0; 1.9984728438610044e-01
15; 1; 6.3080222339560299e-01
12; 1; 5.3782015687356410e-01
1; 1; 4.7032589595154572e-01
14; 1; 3.2817152806461225e-01
8; 1; 2.2298321335259683e-01
6; 1; 1.6047133872752203e-01


# FractureId; NumTraces
4; 5
# TraceId; Tips; Length
17; 1; 6.6164527248996841e-01
12; 1; 5.3782015687356410e-01
7; 1; 3.6913757345330384e-01
2; 1; 2.1113168060349893e-01
16; 1; 1.1034642961174679e-01


# FractureId; NumTraces
5; 1
# TraceId; Tips; Length
18; 1; 3.2818131017035146e-01


# FractureId; NumTraces
6; 5
# TraceId; Tips; Length
13; 0; 1.9984728438610044e-01
9; 1; 9.3340054310694398e-01
20; 1; 6.4740370837957895e-01
3; 1; 5.2134622109310480e-01
19; 1; 5.1789811040071854e-01


# FractureId; NumTraces
7; 7
# TraceId; Tips; Length
10; 0; 6.3578961714677928e-01
21; 0; 1.9316498445824232e-01
22; 1; 5.2001816053350003e-01
19; 1; 5.1789811040071854e-01
4; 1; 3.7916349722085896e-01
14; 1; 3.2817152806461225e-01
16; 1; 1.1034642961174679e-01


# FractureId; NumTraces
8; 5
# TraceId; Tips; Length
5; 0; 5.5923417214375581e-01
21; 0; 1.9316498445824232e-01
17; 1; 6.6164527248996841e-01
20; 1; 6.4740370837957895e-01
15; 1; 6.3080222339560299e-01


# FractureId; NumTraces
9; 3
# TraceId; Tips; Length
22; 1; 5.2001816053350003e-01
18; 1; 3.2818131017035146e-01
11; 1; 3.2110792003121597e-01

